1	7.745	115.616	 1098714	 1098714	H/N I19		
2	8.256	120.816	  959795	  972433	H/N V27		
3	7.981	117.714	  985022	  993666	H/N K41		
4	7.870	119.006	 1197012	 1197869	H/N L5		
5	8.620	120.403	  828048	  828048	H/N A30		
6	8.431	120.142	   35802	   36007	H/N K4		
7	7.963	122.067	  621247	  621247	H/N A18		
8	8.074	114.597	  763028	  763028	H/N S14		
9	8.095	119.072	  734960	  734960	H/N D11		
10	8.394	117.586	  848832	  848832	H/N V38		
11	7.984	118.520	  741053	  741053	H/N F8		
12	8.306	120.334	  895268	  895268	H/N V32		
13	8.397	120.150	   24446	   24746	H/N L37		
14	8.670	106.253	  627295	  627295	H/N G17		
15	7.829	117.420	 1254685	 1254685	H/N V6		
16	8.010	117.608	  975974	  984697	H/N V12		
17	9.061	103.765			H/N G1		
18	8.155	118.904	  652325	  652325	H/N I20		
19	8.804	118.349	 1498814	 1498814	H/N S2		
20	8.505	120.824	   31215	   31215	H/N K16		
21	8.689	117.816	  543534	  548073	H/N V24		
22	8.578	122.650	  794089	  794089	H/N V28		
23	7.857	127.234			H/N K43		
24	8.660	117.693	  790844	  793964	H/N I35		
25	8.257	107.669	  635937	  635937	H/N G13		
26	8.267	117.272	  761796	  761856	H/N L40		
27	8.248	116.555	  755410	  755410	H/N T36		
28	8.081	120.874	 1248444	 1248444	H/N K42		
29	8.478	106.048	  731770	  731770	H/N G21		
30	8.188	122.231	  558597	  558597	H/N A9		
31	8.702	107.919	  418128	  418128	H/N G26		
32	8.175	116.079	  758968	  758968	H/N E10		
33	8.499	121.975	  782945	  782945	H/N I33		
34	8.525	119.051	  797666	  797666	H/N V34		
35	7.990	118.130	 1345905	 1345905	H/N Q3		
36	8.226	120.757	  767412	  783213	H/N N15		
37	8.159	113.219	  695638	  695638	H/N T31		
38	8.524	118.682	 1013054	 1013054	H/N I29		
39	8.219	117.286	  829884	  829939	H/N M23		
40	8.514	117.004	  804056	  804056	H/N M39		
41	7.911	119.013	  896071	  897217	H/N F7		
42	8.291	121.070	  826098	  826102	H/N L22		
43	8.750	106.076	  663310	  663310	H/N G25		
