1	7.729	115.616	 1175229	 1175229	H/N I19		
2	8.256	120.816	  567748	  632432	H/N V27		
3	7.981	117.714	  411658	  500752	H/N K41		
4	7.869	119.050	 1125426	 1145391	H/N L5		
5	8.620	120.403	  491676	  491676	H/N A30		
6	8.431	120.142	   32642	   34792	H/N K4		
7	7.943	122.045	  590163	  590163	H/N A18		
8	8.098	114.717	 1250622	 1250622	H/N S14		
9	8.092	119.115	 1269433	 1269435	H/N D11		
10	8.394	117.586	 1449490	 1449490	H/N V38		
11	8.005	118.729	  334324	  334324	H/N F8		
12	8.302	120.361	 1281190	 1281190	H/N V32		
13	8.397	120.150	   16021	   20402	H/N L37		
14	8.670	106.253	  728446	  728446	H/N G17		
15	7.819	117.386	  164067	  164067	H/N V6		
16	8.010	117.608	 1608105	 1630912	H/N V12		
17	9.061	103.765			H/N G1		
18	8.155	118.904	  575959	  575964	H/N I20		
19	8.792	118.376	 2198834	 2198834	H/N S2		
20	8.505	120.824	  -54726	  -54726	H/N K16		
21	8.665	117.842	  971027	 1028480	H/N V24		
22	8.578	122.650	  879103	  879103	H/N V28		
23	7.857	127.234			H/N K43		
24	8.660	117.693	 1028675	 1082908	H/N I35		
25	8.257	107.669	  599255	  599255	H/N G13		
26	8.269	117.335	  882659	  888478	H/N L40		
27	8.248	116.555	 1230715	 1230715	H/N T36		
28	8.081	120.874	 1921003	 1921003	H/N K42		
29	8.478	106.048	  467420	  467420	H/N G21		
30	8.184	122.302	  211283	  211283	H/N A9		
31	8.702	107.919	  185120	  185120	H/N G26		
32	8.172	116.195	 1053211	 1053211	H/N E10		
33	8.493	122.013	 1104698	 1104698	H/N I33		
34	8.525	119.051	  939284	  939284	H/N V34		
35	7.990	118.130	 2051385	 2051385	H/N Q3		
36	8.226	120.757	  479180	  555816	H/N N15		
37	8.157	113.145	  593788	  593788	H/N T31		
38	8.524	118.682	  979693	  979693	H/N I29		
39	8.219	117.286	  598005	  606593	H/N M23		
40	8.514	117.004	 1392486	 1392486	H/N M39		
41	7.906	119.044	  214250	  319125	H/N F7		
42	8.281	121.113	  592684	  592687	H/N L22		
43	8.750	106.076	  679318	  679318	H/N G25		
