A18-HB/CB 121492 118946 80891 68801
A30-HB/CB 64043 40011 20470 19919
A9-HB/CB 258611 184651 138909 95206
E10-HB2/CB 84 554 223 355
E10-HB3/CB 564 903 533 368
E10-HB/CB 402 925 213 353
E10-HG2/CG 83 7 387 205
E10-HG3/CG 387 475 548 238
F7-HB/CB 59317 57009 39170 26487
F8-HB/CB 44060 45462 28768 22407
G13-HA/CA 20730 17740 8684 11627
G17-HA2/CA 4083 2808 2151 2209
G17-HA3/CA 4299 3718 2120 2867
G1-HA/CA 190 106 516 490
G21-HA/CA 9103 8231 6059 3417
G25-HA/CA 12457 7846 4906 5024
G26-HA/CA 4099 3419 1906 4372
I19-HB/CB 25755 27762 19938 14976
I19-HD1/CD1 207871 203511 142123 124414
I19-HG12/CG1 246680 271817 202452 207621
I19-HG13/CG1 22361 24284 14286 11684
I19-HG2/CG2 169102 163273 112454 105668
I20-HB/CB 17109 15614 12111 9119
I20-HD1/CD1 175899 176617 119988 96362
I20-HG12/CG1 9947 11278 5326 6901
I20-HG13/CG1 13664 12993 7736 9185
I20-HG2/CG2 69837 59138 42186 33479
I29-HB/CB 8914 12025 7666 6084
I29-HD1/CD1 161298 137670 85766 73561
I29-HG12/CG1 51730 67389 46687 39766
I29-HG13/CG1 21072 25383 15143 14123
I29-HG2/CG2 101286 70675 38619 34952
I33-HB/CB 14978 14740 10118 7430
I33-HD1/CD1 137372 127593 84814 72481
I33-HG2/CG2 90318 97062 68230 62469
I35-HB/CB 15383 19276 13072 9809
I35-HD1/CD1 198733 206056 144992 111409
I35-HG12/CG1 10191 9858 9794 9030
I35-HG13/CG1 23412 25629 17696 19212
I35-HG2/CG2 336155 348708 240421 176705
K16-HB2/CB 6986 11412 7743 8319
K16-HB3/CB 8384 14780 10930 8289
K16-HD/CD 279359 354096 246660 154452
K16-HE/CE 24253 87460 51215 38968
K16-HG2/CG 2113 5033 4208 3240
K16-HG3/CG 21398 24413 18401 13142
K41-HB/CB 9464 7380 5354 6248
K41-HD/CD 30252 91728 71741 50921
K41-HE/CE 357453 358531 264534 239190
K41-HG/CG 1014 1450 633 1887
K42-HB2/CB 16613 32058 22542 19090
K42-HB3/CB 7232 11545 7832 6712
K42-HD/CD 12902 16245 10340 2292
K42-HE/CE 178824 199842 138792 116154
K42-HG/CG 2071 4856 3794 5861
K43-HB2/CB 10214 11545 7832 6195
K43-HB3/CB 31398 32058 22542 19090
K43-HD/CD 77409 87909 58957 22129
K43-HE/CE 153610 179782 119852 93022
K43-HG/CG 57950 305883 55608 39747
K4-HB/CB 2019 3912 1736 2135
K4-HD/CD 123654 139853 96183 53004
K4-HE/CE 138082 178472 116307 106955
K4-HG2/CG 2540 1502 281 839
K4-HG3/CG 6562 9708 5655 11392
L22-HB2/CB 14220 15136 9714 7386
L22-HB3/CB 13185 14249 10732 6709
L22-HD1/CD1 311820 276193 191911 173158
L22-HG/CG 55840 49705 33232 28152
L37-HB2/CB 17535 17718 12064 8407
L37-HB3/CB 18947 17862 11892 8934
L37-HD1/CD1 254738 245756 168092 142198
L37-HD2/CD2 330965 294195 198194 158139
L37-HG/CG 63215 61994 42508 27664
L40-HB2/CB 21875 17267 12103 10938
L40-HB3/CB 22905 18709 12602 11153
L40-HD1/CD1 265726 244667 176286 140530
L40-HG/CG 57755 56665 37173 30818
L5-HB2/CB 37541 31696 23873 15334
L5-HB3/CB 38444 31731 25633 17395
L5-HD1/CD1 641500 453242 323635 242739
L5-HD2/CD2 505710 355589 291336 217975
L5-HG/CG 79531 69495 49402 32477
M23-HB2/CB 4741 6605 4037 4054
M23-HB3/CB 6726 8844 5820 5532
M23-HG2/CG 15147 16701 10155 9815
M23-HG3/CG 13471 19524 13928 13069
M39-HB2/CB 9158 9458 6069 3516
M39-HB3/CB 9041 11057 6432 3810
M39-HG/CG 41388 102148 68232 44484
N15-HB2/CB 123 283 390 625
N15-HB3/CB 435 392 207 493
Q3-HB/CB 2035 1093 1632 1147
Q3-HG/CG 39367 37112 28666 18495
T31-HG2/CG2 110525 120336 73326 64598
T36-HG2/CG2 97704 74982 47078 39807
V12-HB/CB 1058 2261 1631 2687
V12-HG/CG1 73617 110576 95776 119435
V24-HB/CB 9043 19586 11980 9623
V24-HG1/CG1 316244 190745 137923 131449
V24-HG2/CG2 125624 146937 130036 130797
V27-HB/CB 37089 43136 29758 22355
V27-HG1/CG1 130384 110419 71402 6583
V27-HG2/CG2 100388 146445 134886 180049
V28-HB/CB 29377 39577 29366 23246
V28-HG1/CG1 171553 154665 102589 85248
V28-HG2/CG2 69360 98229 52322 35104
V32-HB/CB 6200 28730 20160 11214
V32-HG1/CG1 165789 183742 124448 100404
V32-HG2/CG2 361379 441841 358662 305021
V34-HB/CB 37089 42196 27188 18954
V34-HG1/CG1 165134 157862 108028 93506
V34-HG2/CG2 219939 331867 301437 285493
V38-HB/CB 14770 18728 13254 8682
V38-HG1/CG1 185663 183565 129618 88690
V38-HG2/CG2 371042 337323 221667 161330
V6-HB/CB 789 717 730 101
V6-HG1/CG1 283775 204883 140195 94292
V6-HG2/CG2 130229 100393 70456 67082
