A18-HB/CB 121492 118946 80891 68801
A30-HB/CB 64043 40011 20470 19919
A9-HB/CB 258611 184651 138909 95206
I19-HD1/CD1 207871 203511 142123 124414
I19-HG2/CG2 169102 163273 112454 105668
I20-HD1/CD1 175899 176617 119988 96362
I20-HG2/CG2 69837 59138 42186 33479
I29-HD1/CD1 161298 137670 85766 73561
I29-HG2/CG2 101286 70675 38619 34952
I33-HD1/CD1 137372 127593 84814 72481
I33-HG2/CG2 90318 97062 68230 62469
I35-HD1/CD1 198733 206056 144992 111409
I35-HG2/CG2 336155 348708 240421 176705
L22-HD1/CD1 311820 276193 191911 173158
L37-HD1/CD1 254738 245756 168092 142198
L37-HD2/CD2 330965 294195 198194 158139
L40-HD1/CD1 265726 244667 176286 140530
L5-HD2/CD2 505710 355589 291336 217975
T31-HG2/CG2 110525 120336 73326 64598
T36-HG2/CG2 97704 74982 47078 39807
V28-HG1/CG1 171553 154665 102589 85248
V32-HG1/CG1 165789 183742 124448 100404
V34-HG1/CG1 165134 157862 108028 93506
V38-HG1/CG1 185663 183565 129618 88690
V38-HG2/CG2 371042 337323 221667 161330
V6-HG1/CG1 283775 204883 140195 94292
V6-HG2/CG2 130229 100393 70456 67082
