1	8.465	105.997	  612995	  612995	H/N G21		
2	8.092	119.115	 1269428	 1269435	H/N D11		
3	8.573	122.671	  921695	  921695	H/N V28		
4	7.869	119.050	 1131182	 1145391	H/N L5		
5	7.943	122.045	  589154	  589154	H/N A18		
6	8.005	118.729	  334324	  334324	H/N F8		
7	8.278	121.110	  592686	  592687	H/N L22		
8	8.269	117.335	  888270	  888478	H/N L40		
9	8.493	122.013	 1104698	 1104698	H/N I33		
10	7.906	119.044	  246782	  311915	H/N F7		
11	8.664	117.821	 1018762	 1028480	H/N V24		
12	8.661	117.644	 1130833	 1139589	H/N I35		
13	8.978	108.441	  494978	  494978	H/N G1		
14	8.385	120.757	  877495	  878033	H/N L37		
15	8.743	106.096	  724015	  724017	H/N G25		
16	8.671	106.218	  770824	  770825	H/N G17		
17	8.071	120.862	 1981590	 1981590	H/N K42		
18	7.990	118.145	 2051385	 2051385	H/N Q3		
19	8.098	114.717	 1250622	 1250622	H/N S14		
20	8.266	107.670	  630886	  630886	H/N G13		
21	7.857	127.234			H/N K43		
22	8.245	116.541	 1238416	 1238416	H/N T36		
23	8.226	120.757	  417112	  555816	H/N N15		
24	8.518	118.669	  980638	  980638	H/N I29		
25	7.988	117.829	 1305397	 1305766	H/N K41		
26	8.128	118.869	  893040	  893049	H/N I20		
27	8.511	117.018	 1392486	 1392486	H/N M39		
28	8.792	118.376	 2198834	 2198834	H/N S2		
29	8.694	107.940	  196069	  196069	H/N G26		
30	8.208	117.288	  670229	  670504	H/N M23		
31	8.460	120.328	 1138597	 1138597	H/N K4		
32	8.156	113.154	  593788	  593788	H/N T31		
33	8.517	119.051	  939284	  939284	H/N V34		
34	8.302	120.361	 1281190	 1281190	H/N V32		
35	8.010	117.608	 1630616	 1630912	H/N V12		
36	8.178	122.322	  217257	  217257	H/N A9		
37	8.392	117.579	 1449490	 1449490	H/N V38		
38	8.246	120.827	  669050	  755524	H/N V27		
39	7.819	117.386	  164067	  164067	H/N V6		
40	7.729	115.616	 1175229	 1175229	H/N I19		
41	8.172	116.195	 1053211	 1053211	H/N E10		
42	8.443	120.691	 1141959	 1142373	H/N K16		
43	8.610	120.385	  494762	  494762	H/N A30		
