1	8.477	106.025	  731770	  731770	H/N G21		
2	8.095	119.072	  722041	  722041	H/N D11		
3	8.578	122.650	  794089	  794089	H/N V28		
4	7.867	119.006	 1197569	 1197869	H/N L5		
5	7.959	122.064	  621247	  621247	H/N A18		
6	7.984	118.520	  741053	  741053	H/N F8		
7	8.291	121.070	  826102	  826102	H/N L22		
8	8.267	117.272	  761797	  761856	H/N L40		
9	8.497	121.998	  786382	  786382	H/N I33		
10	7.911	119.010	  896816	  897217	H/N F7		
11	8.666	117.803	  857780	  893193	H/N V24		
12	8.664	117.665	  792304	  830644	H/N I35		
13	9.005	108.425	  761297	  761297	H/N G1		
14	8.404	120.816	  499556	  499556	H/N L37		
15	8.750	106.076	  663310	  663310	H/N G25		
16	8.670	106.253	  627295	  627295	H/N G17		
17	8.077	120.859	 1262332	 1262332	H/N K42		
18	7.990	118.130	 1345905	 1345905	H/N Q3		
19	8.075	114.544	  845407	  845407	H/N S14		
20	8.257	107.669	  635937	  635937	H/N G13		
21	7.857	127.234			H/N K43		
22	8.248	116.555	  755410	  755410	H/N T36		
23	8.226	120.757	  769952	  783213	H/N N15		
24	8.524	118.675	 1013054	 1013054	H/N I29		
25	7.981	117.714	  988770	  993666	H/N K41		
26	8.155	118.904	  652325	  652325	H/N I20		
27	8.514	117.022	  804056	  804056	H/N M39		
28	8.804	118.349	 1498814	 1498814	H/N S2		
29	8.702	107.919	  418128	  418128	H/N G26		
30	8.219	117.286	  829885	  829939	H/N M23		
31	8.462	120.321	  670662	  670662	H/N K4		
32	8.162	113.185	  695638	  695638	H/N T31		
33	8.525	119.051	  797666	  797666	H/N V34		
34	8.306	120.334	  895268	  895268	H/N V32		
35	8.010	117.608	  979756	  984697	H/N V12		
36	8.192	122.222	  558597	  558597	H/N A9		
37	8.394	117.586	  848832	  848832	H/N V38		
38	8.256	120.816	  961817	  972433	H/N V27		
39	7.829	117.405	 1254685	 1254685	H/N V6		
40	7.745	115.616	 1098714	 1098714	H/N I19		
41	8.175	116.079	  758968	  758968	H/N E10		
42	8.461	120.720	  684913	  684913	H/N K16		
43	8.616	120.385	  828048	  828048	H/N A30		
