1	8.146	119.422	  872664	  872737	H/N D11		
2	7.936	118.601	  834337	  879039	H/N F8		
3	8.334	120.296	  633698	  633698	H/N N15		
4	8.631	106.941	  560631	  560631	H/N G17		
5	8.393	121.599	  968516	  968662	H/N I33		
6	8.389	121.117	  562861	  563112	H/N K16		
7	7.956	121.940	 1291408	 1291408	H/N K42		
8	8.464	117.277	  769732	  769732	H/N I35		
9	8.483	118.592	  674086	  674086	H/N I29		
10	8.587	120.471	  838695	  838695	H/N A30		
11	7.991	118.910	 1106645	 1107116	H/N M39		
12	8.197	119.513	  817705	  818425	H/N M2		
13	7.677	118.614	  991977	  991977	H/N K41		
14	8.214	119.937	  878328	  951433	H/N V32		
15	8.363	118.809	  744893	  744893	H/N V34		
16	8.147	113.775	  694410	  694410	H/N T31		
17	8.175	117.333	  879165	  934877	H/N E10		
18	8.078	115.992	  630442	  630442	H/N T36		
19	8.286	121.339	  667921	  668678	H/N L22		
20	8.296	108.848	  722500	  722500	H/N G13		
21	8.555	122.364	  801609	  801609	H/N V28		
22	8.149	122.219	  697764	  697764	H/N A9		
23	8.774	108.433	  544938	  544938	H/N G26		
24	7.902	120.026	  443434	 1526513	H/N L40		
25	7.764	117.977	  814965	  814965	H/N V6		
26	8.236	119.833	  570870	  682652	H/N I20		
27	7.964	118.538	  782434	  830766	H/N V12		
28	8.215	117.193	  826347	  888966	H/N K4		
29	8.531	107.037	  496447	  496447	H/N G21		
30	8.063	115.045	  870263	  870263	H/N S14		
31	8.742	118.041	  758980	  758980	H/N V24		
32	8.250	117.508	  680167	  680521	H/N M23		
33	8.190	117.111	  673435	  818472	H/N Q3		
34	7.906	120.057	 1184471	 1589947	H/N F7		
35	8.782	106.454	  563100	  563100	H/N G25		
36	8.044	123.223	  708535	  708535	H/N A18		
37	8.280	120.902	  726446	  727142	H/N V27		
38	7.857	116.644	  761808	  761808	H/N I19		
39	8.016	118.000	  823076	  823076	H/N L5		
40	8.682	119.473	 1070368	 1070368	H/N V38		
41	7.828	107.549	  -43109	  -43109	H/N K43		
