1	8.146	119.422	  240095	  242479	H/N D11		
2	7.954	119.117	  337089	  338122	H/N F8		
3	8.364	120.486	  300435	  300435	H/N N15		
4	8.645	106.904	  435259	  435259	H/N G17		
5	8.393	121.599	  511886	  511886	H/N I33		
6	8.348	121.133	  582403	  582487	H/N K16		
7	7.952	121.974	  768315	  768315	H/N K42		
8	8.466	117.314	  434568	  434568	H/N I35		
9	8.479	118.618	  433720	  433720	H/N I29		
10	8.587	120.471	  423204	  423204	H/N A30		
11	7.991	118.910	  327432	  328529	H/N M39		
12	8.197	119.513	  413131	  414526	H/N M2		
13	7.670	118.627	  437353	  437353	H/N K41		
14	8.214	119.937	  596917	  669294	H/N V32		
15	8.356	118.812	  320466	  320466	H/N V34		
16	8.148	113.739	  421873	  421873	H/N T31		
17	8.184	117.489	  290151	  290554	H/N E10		
18	8.078	115.992	  285449	  285449	H/N T36		
19	8.283	121.364	  321395	  321403	H/N L22		
20	8.306	108.928	  179313	  179313	H/N G13		
21	8.550	122.400	  495573	  495573	H/N V28		
22	8.149	122.289	  193424	  193424	H/N A9		
23	8.769	108.489	  282991	  282991	H/N G26		
24	7.871	119.718	  270693	  270693	H/N L40		
25	7.773	117.906	  173165	  173165	H/N V6		
26	8.236	119.833	  393417	  503239	H/N I20		
27	7.967	118.590	  294299	  294336	H/N V12		
28	8.215	117.193	  330280	  398588	H/N K4		
29	8.546	107.075	  346812	  346812	H/N G21		
30	8.080	115.117	  484568	  484568	H/N S14		
31	8.742	118.041	  370738	  370738	H/N V24		
32	8.247	117.554	  453766	  453984	H/N M23		
33	8.190	117.111	  342585	  408389	H/N Q3		
34	7.891	120.116	  288725	  288726	H/N F7		
35	8.782	106.454	  333483	  333483	H/N G25		
36	8.044	123.223	  607001	  607001	H/N A18		
37	8.287	120.966	  460592	  460695	H/N V27		
38	7.857	116.681	  453726	  453726	H/N I19		
39	8.016	118.000	  311093	  311093	H/N L5		
40	8.682	119.473	  237291	  237291	H/N V38		
41	7.828	107.549	   18764	   18764	H/N K43		
