1	8.146	119.422	   97733	   99362	H/N D11		
2	7.949	119.089	  171067	  171323	H/N F8		
3	8.364	120.486	  217418	  217418	H/N N15		
4	8.644	106.942	  368166	  368166	H/N G17		
5	8.393	121.599	  412201	  412201	H/N I33		
6	8.346	121.072	  351408	  351428	H/N K16		
7	7.952	121.974	  601900	  601900	H/N K42		
8	8.459	117.286	  340651	  340651	H/N I35		
9	8.479	118.618	  422454	  422454	H/N I29		
10	8.581	120.447	  467015	  467015	H/N A30		
11	7.999	118.905	  174887	  182432	H/N M39		
12	8.197	119.513	  254991	  256005	H/N M2		
13	7.671	118.544	  311722	  311722	H/N K41		
14	8.214	119.937	  514565	  514816	H/N V32		
15	8.351	118.752	  243769	  243769	H/N V34		
16	8.148	113.739	  351611	  351611	H/N T31		
17	8.190	117.599	  146148	  146820	H/N E10		
18	8.072	115.918	  291893	  291893	H/N T36		
19	8.279	121.281	  329386	  329402	H/N L22		
20	8.307	108.885	  164029	  164029	H/N G13		
21	8.549	122.372	  427108	  427108	H/N V28		
22	8.145	122.170	  121896	  121896	H/N A9		
23	8.761	108.391	  267255	  267255	H/N G26		
24	7.870	119.655	  337323	  337323	H/N L40		
25	7.773	117.906	  -88946	  -88946	H/N V6		
26	8.252	119.669	  369420	  370036	H/N I20		
27	7.969	118.710	  440208	  443117	H/N V12		
28	8.215	117.193	   84554	  130310	H/N K4		
29	8.534	107.018	  305353	  305353	H/N G21		
30	8.085	115.084	  408496	  408496	H/N S14		
31	8.742	118.041	  299318	  299318	H/N V24		
32	8.248	117.526	  322907	  323219	H/N M23		
33	8.190	117.111	  211317	  229613	H/N Q3		
34	7.905	120.114	  238347	  238347	H/N F7		
35	8.780	106.411	  278638	  278638	H/N G25		
36	8.038	123.170	  425194	  425194	H/N A18		
37	8.278	120.878	  441051	  441067	H/N V27		
38	7.851	116.640	  434164	  434164	H/N I19		
39	8.006	117.960	  271812	  271812	H/N L5		
40	8.670	119.530	  126889	  126889	H/N V38		
41	7.828	107.549	  -43566	  -43566	H/N K43		
