1	4.366	54.838	    1306	    1306	HA/CA L5		
2	0.977	14.866	    9776	    9776	HG2/CG2 I29		
3	1.839	26.638	  -12738	  -13175	HG12/CG1 I19		
4	3.763	64.234	     -48	     -48	HA/CA V38		
5	4.042	61.470	    4377	    4381	HB3/CB S14		
6	2.194	25.833	   -1420	   -1420	HB/CB E10		
7	4.448	54.116	    2147	    2238	HA/CA K42		
8	1.426	23.895	     178	     178	H241/C24 X44		
9	1.596	16.071	    9203	    9203	HB/CB A18		
10	3.655	64.887	    1364	    1364	HA/CA V32		
11	1.015	18.967	   30521	   13584	HG2/CG2 V38		
12	1.341	26.638	   -1644	   -1644	HG13/CG1 I19		
13	4.238	55.589	     956	     957	HA/CA E10		
14	1.126	20.469	   10995	   11500	HG1/CG1 V28		
15	1.441	36.146	     -78	     -78	H232/C23 X44		
16	4.067	44.845	      30	      30	HA2/CA G17		
17	1.811	26.639	   -4335	   -5741	HD/CD K16		
18	2.370	28.895	     473	     553	HB/CB V32		
19	1.696	40.210	    -810	    -810	HB3/CB L40		
20	1.020	22.652	   17045	   17045	HD2/CD2 L37		
21	3.687	62.934	     833	     833	HA/CA I29		
22	1.112	56.664	    -100	    -100	H18/C18 X44		
23	1.569	21.025	      99	      99	H152/C15 X44		
24	4.556	57.236	    1139	    1139	HA/CA F8		
25	3.074	39.572	    -652	    -434	HE/CE K16		
26	4.889	51.205	    -151	    -151	HA/CA N15		
27	1.003	18.814	   13303	    8100	HG2/CG2 V6		
28	4.207	57.054	     707	     707	HA/CA M23		
29	1.078	50.093	       7	       7	H11/C11 X44		
30	1.279	39.777	      99	      99	H162/C16 X44		
31	4.409	54.100	     472	     495	HA/CA K41		
32	1.220	26.984	   -1471	   -1508	HG13/CG1 I29		
33	3.134	39.676	   23551	   23853	HE/CE K41		
34	4.091	61.470	    5244	    5247	HB2/CB S14		
35	4.183	55.804	     741	     857	HA/CA L22		
36	3.776	66.196	     -99	     -99	HA/CA T36		
37	2.407	28.864	     -63	     971	HB/CB V34		
38	1.167	20.809	   11705	   12381	HG2/CG2 V24		
39	1.452	35.802	    -180	    -180	H221/C22 X44		
40	3.730	45.127	    -139	    -186	HA/CA G26		
41	1.665	22.193	   -5845	   -5848	HG/CG K41		
42	2.479	31.683	    1125	    1331	HG3/CG E10		
43	1.992	30.023	   -2671	   -2709	HB3/CB M23		
44	2.222	34.947	     880	     880	HB/CB I33		
45	1.680	31.827	     -66	     -66	H132/C13 X44		
46	1.805	26.516	    -110	      51	HD/CD K43		
47	1.923	28.063	    -101	    -101	H201/C20 X44		
48	2.403	28.933	    2695	    2686	HB/CB V27		
49	2.106	30.420	   -2544	   -2721	HB3/CB K42		
50	4.434	65.191	     -71	    -129	HB/CB T36		
51	0.781	11.569	     -78	     -78	H30/C30 X44		
52	1.045	15.199	   23253	   23233	HG2/CG2 I20		
53	2.001	30.299	     325	     178	HB/CB K4		
54	0.873	9.939	   11858	   11858	HD1/CD1 I29		
55	1.898	26.904	    -238	    -660	HG12/CG1 I20		
56	1.691	22.360	   -4095	   -4098	HG/CG K42		
57	1.939	36.966	    -115	    -115	H71/C7 X44		
58	2.030	30.163	   -2151	   -2182	HB3/CB K16		
59	1.570	27.779	      59	      59	H26/C26 X44		
60	2.168	26.279	    -104	    -104	HB/CB Q3		
61	2.061	39.704	   -1785	   -1785	HB3/CB L22		
62	2.076	14.782	  -42393	  -42393	HE/CE M23		
63	2.410	29.560	    -111	    -111	HB2/CB M39		
64	1.811	26.740	   -1607	   -2356	HD/CD K41		
65	1.984	39.630	   -1437	   -1437	HB2/CB L5		
66	1.695	27.572	      93	      93	H62/C6 X44		
67	2.078	31.827	      22	      22	H131/C13 X44		
68	2.109	34.982	    1170	    1170	HB/CB I20		
69	1.168	24.173	     113	     113	H212/C21 X44		
70	3.710	63.422	     760	     760	HA/CA I35		
71	4.637	73.652	    -493	    -493	H5/C5 X44		
72	4.026	43.676	   -1268	   -1268	HA/CA G13		
73	1.224	20.957	   12755	   12777	HG1/CG1 V34		
74	1.851	39.630	   -1383	   -1383	HB3/CB L5		
75	4.444	65.255	    -173	    -197	HB/CB T31		
76	1.353	28.063	     -43	     -43	H202/C20 X44		
77	1.017	10.509	   14662	   15289	HD1/CD1 I19		
78	1.619	39.494	   -1168	   -1168	HB3/CB L37		
79	0.941	11.072	   12676	   12753	HD1/CD1 I33		
80	1.813	26.538	     510	    -395	HD/CD K4		
81	4.086	61.289	    -228	    -220	HA/CA V12		
82	1.118	22.691	   21389	   21389	HD1/CD1 L5		
83	1.224	23.895	    -135	    -135	H242/C24 X44		
84	2.137	35.258	    1829	    1829	HB/CB I19		
85	2.166	29.560	    -189	    -189	HB3/CB M39		
86	4.207	52.575	    1410	    1410	HA/CA A18		
87	1.009	18.845	    9050	    6895	HG2/CG2 V32		
88	1.224	20.775	   14782	   14802	HG1/CG1 V38		
89	2.096	24.547	    -329	     176	HG/CG L37		
90	1.601	16.345	    8214	    8214	HB/CB A9		
91	2.415	28.727	     821	     820	HB/CB V28		
92	1.054	36.146	      10	      10	H231/C23 X44		
93	1.986	30.163	   -1925	   -1979	HB2/CB K16		
94	1.566	22.999	     -94	     -94	HG3/CG K16		
95	4.012	53.431	     984	     984	HA/CA A30		
96	1.989	24.588	    3445	    3445	HG/CG L40		
97	1.610	21.025	      85	      86	H151/C15 X44		
98	3.133	37.021	    1605	    1605	HB/CB F8		
99	3.208	36.936	    1121	    1121	HB3/CB N15		
100	2.096	24.448	    3455	    3407	HG/CG L22		
101	1.096	19.528	    9531	    9531	HG1/CG1 V6		
102	3.631	64.654	    1537	    1537	HA/CA V24		
103	2.111	39.777	    -118	    -118	H161/C16 X44		
104	4.452	54.260	    5284	    5320	HA/CA K43		
105	3.111	39.509	   18304	   18320	HE/CE K43		
106	4.592	56.647	    1939	    1939	HA/CA S14		
107	1.737	39.704	   -3238	   -3238	HB2/CB L22		
108	3.674	64.019	     814	     814	HA/CA I33		
109	0.999	18.403	   -2758	   -2756	H29/C29 X44		
110	1.002	18.831	  -16676	    5990	HG2/CG2 V27		
111	1.017	19.013	   14003	    7607	HG1/CG1 V24		
112	2.092	30.321	   -1556	   -2486	HB/CB K41		
113	2.047	30.023	   -2544	   -2564	HB2/CB M23		
114	1.190	39.383	     -17	     -17	H25/C25 X44		
115	2.057	30.302	    -681	    -730	HB3/CB K43		
116	3.735	64.563	    1206	    1206	HA/CA V27		
117	2.004	30.420	   -2100	   -2082	HB2/CB K42		
118	4.282	55.473	    6976	    6976	HA/CA K4		
119	2.093	40.210	    -862	    -862	HB2/CB L40		
120	1.893	26.984	   -1595	   -1658	HG12/CG1 I29		
121	2.776	30.065	    2914	    2957	HG3/CG M23		
122	3.051	39.450	    6322	    6315	HE/CE K42		
123	0.915	22.305	   -3264	   -3266	H27/C27 X44		
124	2.472	31.570	     398	     510	HG/CG Q3		
125	3.805	45.508	    -297	    -297	HA/CA G21		
126	4.200	55.872	     675	     802	HA/CA L40		
127	1.043	21.683	   21927	   22074	HD2/CD2 L5		
128	1.063	15.314	    -680	     688	HG2/CG2 I35		
129	1.970	27.572	      32	      32	H61/C6 X44		
130	5.470	122.228	      89	      89	H14/C14 X44		
131	4.018	40.899	    -107	    -107	HA/CA G1		
132	4.581	57.045	     961	     961	HA/CA F7		
133	2.070	35.230	    1097	    1097	HB/CB I35		
134	4.144	56.033	    -101	    -101	HA/CA L37		
135	2.420	37.967	      42	      42	H10/C10 X44		
136	1.570	22.765	   -3849	   -3849	HG3/CG K4		
137	0.991	18.739	   16632	   17682	HG/CG1 V12		
138	3.673	65.733	    1141	    1141	HA/CA V34		
139	3.833	63.076	    1696	    1697	HA/CA V6		
140	3.775	65.917	     607	     607	HA/CA T31		
141	1.095	15.334	   15682	   15652	HG2/CG2 I19		
142	2.173	39.494	   -1192	   -1192	HB2/CB L37		
143	0.986	14.621	    8424	    8424	HG2/CG2 I33		
144	3.160	39.789	   25753	   26014	HE/CE K4		
145	2.456	31.683	     852	    1102	HG2/CG E10		
146	4.306	55.914	    1254	    1254	HA/CA Q3		
147	3.787	63.127	    1149	    1151	HA/CA I19		
148	2.444	29.108	     899	     899	HB/CB V38		
149	4.711	52.750	   11985	   11985	HA/CA D11		
150	0.955	18.517	    9720	    9720	HG2/CG2 V28		
151	3.864	44.845	    -228	    -228	HA3/CA G17		
152	1.157	20.467	    8674	    9314	HG1/CG1 V32		
153	4.390	55.603	    1239	    1239	HA/CA M39		
154	4.141	51.792	     841	     841	HA/CA A9		
155	2.051	34.852	    1034	    1034	HB/CB I29		
156	1.187	56.334	      70	      70	H19/C19 X44		
157	4.127	56.313	     329	     329	HA/CA K16		
158	1.693	22.999	   -1885	   -1885	HG2/CG K16		
159	1.543	15.488	    4546	    4546	HB/CB A30		
160	3.306	36.936	    1510	    1510	HB2/CB N15		
161	1.284	18.901	    3151	    3156	HG2/CG2 T36		
162	2.204	29.357	    1298	    1307	HB/CB V6		
163	2.321	28.892	     399	     399	HB/CB V24		
164	3.702	45.139	    -497	    -510	HA/CA G25		
165	1.004	21.736	   23016	   23156	HD1/CD1 L22		
166	1.606	22.366	  -16576	  -16576	HG/CG K43		
167	1.165	20.696	    8346	    9292	HG1/CG1 V27		
168	2.739	30.065	    2477	    2528	HG2/CG M23		
169	2.099	30.302	    -875	   -2276	HB2/CB K43		
170	3.593	65.517	     933	     933	HA/CA V28		
171	1.292	26.904	   -1128	   -1129	HG13/CG1 I20		
172	1.848	26.341	   -7835	   -7835	HD/CD K42		
173	2.022	27.015	   -1035	   -1035	HG12/CG1 I35		
174	1.227	36.966	     -94	     -94	H72/C7 X44		
175	3.864	62.832	    1260	    1260	HA/CA I20		
176	0.912	22.104	   -3184	   -3185	H28/C28 X44		
177	2.843	30.687	    5311	    5311	HG/CG M39		
178	1.906	24.947	    2341	    2341	HG/CG L5		
179	0.905	11.000	    9798	    9898	HD1/CD1 I35		
180	0.990	10.580	   14558	   15190	HD1/CD1 I20		
181	2.193	14.727	  -37048	  -37048	HE/CE M39		
182	0.993	20.910	   18843	   18873	HD1/CD1 L40		
183	1.253	27.015	   -1115	   -1165	HG13/CG1 I35		
184	1.016	18.990	  -29299	   10799	HG2/CG2 V34		
185	3.274	36.219	    1993	    1993	HB/CB F7		
186	1.277	19.087	    5630	    5633	HG2/CG2 T31		
187	1.682	24.173	     -72	     -72	H211/C21 X44		
188	1.031	20.812	   13868	   13908	HD1/CD1 L37		
189	4.722	56.407	   -7186	   -7186	HA/CA S2		
190	1.676	22.765	   -3035	   -3035	HG2/CG K4		
191	2.230	29.471	     846	     860	HB/CB V12		
