1	4.322	55.094	     939	     939	HA/CA L5		
2	0.975	14.955	    2322	    2322	HG2/CG2 I29		
3	1.839	26.638	  -10209	  -10602	HG12/CG1 I19		
4	3.763	64.234	     -37	     -37	HA/CA V38		
5	4.042	61.470	    4196	    4200	HB3/CB S14		
6	2.191	25.843	   -1356	   -1356	HB/CB E10		
7	4.448	54.116	    2193	    2208	HA/CA K42		
8	1.426	23.895	    -663	    -663	H241/C24 X44		
9	1.597	16.141	    1145	    1145	HB/CB A18		
10	3.651	64.904	    1102	    1102	HA/CA V32		
11	1.015	18.967	   23022	   15200	HG2/CG2 V38		
12	1.341	26.638	    -901	    -901	HG13/CG1 I19		
13	4.238	55.589	     902	     904	HA/CA E10		
14	1.126	20.469	    2692	    3675	HG1/CG1 V28		
15	1.441	36.146	     204	     204	H232/C23 X44		
16	4.067	44.845	      -3	      -3	HA2/CA G17		
17	1.811	26.639	   -3681	   -5004	HD/CD K16		
18	2.370	28.895	     149	     192	HB/CB V32		
19	1.696	40.210	    -756	    -756	HB3/CB L40		
20	1.079	22.641	   15609	   15622	HD2/CD2 L37		
21	3.692	62.971	     773	     773	HA/CA I29		
22	1.112	56.664	      59	      59	H18/C18 X44		
23	1.569	21.025	      40	      40	H152/C15 X44		
24	4.556	57.236	     605	     605	HA/CA F8		
25	3.074	39.572	    1228	    1460	HE/CE K16		
26	4.889	51.205	    -528	    -528	HA/CA N15		
27	1.003	18.814	  -13077	    8172	HG2/CG2 V6		
28	4.163	56.920	     425	     425	HA/CA M23		
29	1.078	50.093	     -80	     -80	H11/C11 X44		
30	1.279	39.777	    -100	    -100	H162/C16 X44		
31	4.384	54.157	     687	     687	HA/CA K41		
32	1.220	26.984	    -753	    -762	HG13/CG1 I29		
33	3.123	39.701	   22576	   22613	HE/CE K41		
34	4.091	61.470	    4557	    4560	HB2/CB S14		
35	4.183	55.804	      76	     151	HA/CA L22		
36	3.776	66.196	    1909	    1909	HA/CA T36		
37	2.407	28.864	    -157	     300	HB/CB V34		
38	1.172	20.846	    7923	    7931	HG2/CG2 V24		
39	1.452	35.802	     123	     123	H221/C22 X44		
40	3.730	45.127	     -47	     -48	HA/CA G26		
41	1.665	22.193	   -6344	   -6344	HG/CG K41		
42	2.479	31.683	    1264	    1473	HG3/CG E10		
43	1.992	30.023	    -572	    -583	HB3/CB M23		
44	2.228	34.955	     695	     695	HB/CB I33		
45	1.680	31.827	     -41	     -41	H132/C13 X44		
46	1.805	26.516	     537	     190	HD/CD K43		
47	1.923	28.063	     142	     142	H201/C20 X44		
48	2.403	28.933	    1670	    1633	HB/CB V27		
49	2.103	30.404	   -3047	   -3242	HB3/CB K42		
50	4.434	65.191	     207	     206	HB/CB T36		
51	0.781	11.569	     -18	     -18	H30/C30 X44		
52	1.045	15.199	   15680	   15692	HG2/CG2 I20		
53	2.001	30.299	     -87	    -215	HB/CB K4		
54	0.874	9.995	    3661	    3661	HD1/CD1 I29		
55	1.898	26.904	    -160	    -467	HG12/CG1 I20		
56	1.691	22.360	   -3925	   -3925	HG/CG K42		
57	1.939	36.966	      54	      54	H71/C7 X44		
58	2.030	30.163	   -2295	   -2305	HB3/CB K16		
59	1.570	27.779	     143	     143	H26/C26 X44		
60	2.168	26.279	     -40	     -40	HB/CB Q3		
61	2.067	39.745	    -347	    -347	HB3/CB L22		
62	2.078	14.946	    -655	    -655	HE/CE M23		
63	2.410	29.560	     171	     171	HB2/CB M39		
64	1.811	26.740	   -4780	   -5073	HD/CD K41		
65	1.975	39.679	   -1107	   -1107	HB2/CB L5		
66	1.695	27.572	     -16	     -16	H62/C6 X44		
67	2.078	31.827	      20	      20	H131/C13 X44		
68	2.110	34.990	     950	     950	HB/CB I20		
69	1.168	24.173	      13	      13	H212/C21 X44		
70	3.710	63.442	     764	     764	HA/CA I35		
71	4.637	73.652	    -663	    -663	H5/C5 X44		
72	4.026	43.676	    -716	    -716	HA/CA G13		
73	1.225	21.004	    4254	    4254	HG1/CG1 V34		
74	1.849	39.679	    -908	    -908	HB3/CB L5		
75	4.444	65.255	      -4	      46	HB/CB T31		
76	1.353	28.063	    -355	    -355	H202/C20 X44		
77	1.032	10.536	    3026	    3069	HD1/CD1 I19		
78	1.619	39.507	    -944	    -944	HB3/CB L37		
79	0.941	11.072	    9250	    9305	HD1/CD1 I33		
80	1.813	26.538	    -394	    -327	HD/CD K4		
81	4.086	61.289	    -236	    -236	HA/CA V12		
82	1.120	22.723	   11469	   11486	HD1/CD1 L5		
83	1.224	23.895	     -53	     -53	H242/C24 X44		
84	2.137	35.276	    1629	    1629	HB/CB I19		
85	2.166	29.560	     235	     235	HB3/CB M39		
86	4.248	52.594	     598	     598	HA/CA A18		
87	1.009	18.845	  -10612	    5583	HG2/CG2 V32		
88	1.220	20.790	   11573	   11577	HG1/CG1 V38		
89	2.096	24.547	     218	     392	HG/CG L37		
90	1.598	16.408	    4750	    4750	HB/CB A9		
91	2.416	28.746	     824	     821	HB/CB V28		
92	1.054	36.146	      43	      43	H231/C23 X44		
93	1.986	30.163	   -2408	   -2418	HB2/CB K16		
94	1.623	22.972	   -2159	   -2159	HG3/CG K16		
95	4.012	53.526	     442	     442	HA/CA A30		
96	1.989	24.603	    1253	    1253	HG/CG L40		
97	1.610	21.025	     -61	     -61	H151/C15 X44		
98	3.122	37.071	     844	     844	HB/CB F8		
99	3.208	36.974	     701	     701	HB3/CB N15		
100	2.091	24.443	    3492	    3503	HG/CG L22		
101	1.090	19.502	    7332	    7332	HG1/CG1 V6		
102	3.629	64.680	    1015	    1015	HA/CA V24		
103	2.111	39.777	    -205	    -206	H161/C16 X44		
104	4.452	54.260	    4352	    4360	HA/CA K43		
105	3.112	39.526	   16140	   16154	HE/CE K43		
106	4.592	56.647	    1600	    1600	HA/CA S14		
107	1.733	39.745	   -1219	   -1219	HB2/CB L22		
108	3.677	64.044	     911	     911	HA/CA I33		
109	0.999	18.403	   -1025	   -1025	H29/C29 X44		
110	1.002	18.831	   30290	    9934	HG2/CG2 V27		
111	1.017	19.013	   10646	    9785	HG1/CG1 V24		
112	2.092	30.321	    -902	   -2588	HB/CB K41		
113	2.047	30.023	    -586	    -591	HB2/CB M23		
114	1.190	39.383	     -55	     -55	H25/C25 X44		
115	2.057	30.302	    -870	    -903	HB3/CB K43		
116	3.706	64.528	    1088	    1088	HA/CA V27		
117	2.004	30.404	   -2389	   -2394	HB2/CB K42		
118	4.282	55.494	    7739	    7739	HA/CA K4		
119	2.093	40.210	    -944	    -944	HB2/CB L40		
120	1.893	26.984	   -1869	   -1895	HG12/CG1 I29		
121	2.776	30.082	    2572	    2614	HG3/CG M23		
122	3.051	39.474	    6733	    6753	HE/CE K42		
123	0.915	22.305	     116	     116	H27/C27 X44		
124	2.472	31.570	     748	     796	HG/CG Q3		
125	3.805	45.508	     308	     308	HA/CA G21		
126	4.200	55.872	     615	     625	HA/CA L40		
127	1.023	21.668	   13289	   13343	HD2/CD2 L5		
128	1.063	15.314	    1090	    1438	HG2/CG2 I35		
129	1.970	27.572	      54	      54	H61/C6 X44		
130	5.470	122.228	    -130	    -130	H14/C14 X44		
131	4.018	40.899	      47	      47	HA/CA G1		
132	4.581	57.045	     903	     903	HA/CA F7		
133	2.067	35.244	    1330	    1330	HB/CB I35		
134	4.144	56.033	     -55	     -55	HA/CA L37		
135	2.420	37.967	    -106	    -106	H10/C10 X44		
136	1.576	22.782	   -2755	   -2755	HG3/CG K4		
137	0.991	18.739	    4562	    4651	HG/CG1 V12		
138	3.675	65.754	    1001	    1001	HA/CA V34		
139	3.833	63.076	     -78	     -78	HA/CA V6		
140	3.775	65.917	     719	     719	HA/CA T31		
141	1.095	15.356	    5988	    6021	HG2/CG2 I19		
142	2.177	39.507	   -1131	   -1131	HB2/CB L37		
143	0.990	14.667	    3545	    3545	HG2/CG2 I33		
144	3.159	39.804	   28152	   28179	HE/CE K4		
145	2.456	31.683	     904	    1180	HG2/CG E10		
146	4.313	55.880	    1286	    1286	HA/CA Q3		
147	3.791	63.238	     345	     345	HA/CA I19		
148	2.444	29.108	     854	     854	HB/CB V38		
149	4.711	52.750	    1061	    1061	HA/CA D11		
150	0.964	18.597	    5594	    5596	HG2/CG2 V28		
151	3.864	44.845	     148	     148	HA3/CA G17		
152	1.152	20.491	    8281	    8600	HG1/CG1 V32		
153	4.395	55.644	     914	     914	HA/CA M39		
154	4.149	51.756	     694	     694	HA/CA A9		
155	2.062	34.904	     486	     486	HB/CB I29		
156	1.187	56.334	      25	      25	H19/C19 X44		
157	4.127	56.313	     165	     165	HA/CA K16		
158	1.681	22.972	   -1975	   -1975	HG2/CG K16		
159	1.546	15.502	     -84	     -84	HB/CB A30		
160	3.300	36.974	     936	     936	HB2/CB N15		
161	1.281	18.901	    2889	    2889	HG2/CG2 T36		
162	2.203	29.402	    1070	    1090	HB/CB V6		
163	2.321	28.892	     268	     268	HB/CB V24		
164	3.702	45.139	      -8	     -12	HA/CA G25		
165	1.008	21.781	    3319	    3535	HD1/CD1 L22		
166	1.606	22.366	  -17801	  -17801	HG/CG K43		
167	1.165	20.696	    1120	    1136	HG1/CG1 V27		
168	2.739	30.082	    2441	    2486	HG2/CG M23		
169	2.099	30.302	   -1701	   -2587	HB2/CB K43		
170	3.601	65.551	     788	     788	HA/CA V28		
171	1.292	26.904	    -928	    -928	HG13/CG1 I20		
172	1.848	26.341	   -7892	   -7892	HD/CD K42		
173	2.018	27.060	    -960	    -960	HG12/CG1 I35		
174	1.227	36.966	    -122	    -122	H72/C7 X44		
175	3.864	62.803	    1379	    1379	HA/CA I20		
176	0.912	22.104	    -507	    -507	H28/C28 X44		
177	2.843	30.704	    4464	    4464	HG/CG M39		
178	1.900	24.958	    2190	    2190	HG/CG L5		
179	0.904	11.058	    3364	    3517	HD1/CD1 I35		
180	0.990	10.580	   13410	   13419	HD1/CD1 I20		
181	2.193	14.768	  -38013	  -38013	HE/CE M39		
182	0.993	20.910	   14922	   14939	HD1/CD1 L40		
183	1.253	27.060	   -1080	   -1087	HG13/CG1 I35		
184	1.016	18.990	  -15850	   13230	HG2/CG2 V34		
185	3.263	36.284	    1640	    1640	HB/CB F7		
186	1.277	19.087	    4789	    4789	HG2/CG2 T31		
187	1.682	24.173	     -23	     -23	H211/C21 X44		
188	1.033	20.831	   10536	   10561	HD1/CD1 L37		
189	4.722	56.407	    5081	    5081	HA/CA S2		
190	1.674	22.782	   -2373	   -2373	HG2/CG K4		
191	2.230	29.471	     624	     659	HB/CB V12		
