1	7.897	119.806	 1469988	 1527970	H/N L40		
2	8.397	121.565	 1118100	 1118100	H/N I33		
3	8.740	117.979	 1157902	 1157902	H/N V24		
4	8.181	117.156	  926368	  983199	H/N E10		
5	8.343	120.294	   -7812	   -7812	H/N N15		
6	8.268	120.877	  775392	  775392	H/N V27		
7	8.550	122.336	 1073939	 1073939	H/N V28		
8	7.665	118.584	 1614304	 1614304	H/N K41		
9	8.670	106.882	  742736	  742737	H/N G17		
10	7.926	118.493	 1346421	 1359591	H/N F8		
11	8.280	108.309	  617826	  617826	H/N G13		
12	8.367	118.766	 1242684	 1242684	H/N V34		
13	8.193	119.426	  948430	  949448	H/N M2		
14	8.204	117.033	 1355837	 1522930	H/N Q3		
15	8.467	117.237	 1358906	 1358906	H/N I35		
16	8.015	114.742	  855649	  855649	H/N S14		
17	8.796	106.359	  803031	  803031	H/N G25		
18	8.475	118.563	 1068583	 1068583	H/N I29		
19	8.581	106.978	  620859	  620860	H/N G21		
20	7.761	117.874	 1697420	 1697420	H/N V6		
21	8.402	121.232	 1061120	 1062970	H/N K16		
22	7.977	118.747	 1804554	 1805626	H/N M39		
23	8.150	113.752	 1246069	 1246069	H/N T31		
24	8.217	119.926	 1209134	 1209134	H/N V32		
25	8.220	117.102	  797110	 1119568	H/N K4		
26	8.691	119.347	 1733729	 1733729	H/N V38		
27	8.083	115.970	 1149677	 1149677	H/N T36		
28	7.886	119.912	 1335201	 1399037	H/N F7		
29	7.968	122.014	 1771499	 1771499	H/N K42		
30	8.164	121.949	 1009925	 1009925	H/N A9		
31	8.347	121.311	  634920	  638010	H/N L22		
32	8.016	117.841	  938042	  938042	H/N L5		
33	8.265	117.549	  811706	  811706	H/N M23		
34	8.285	119.687	  557079	  557079	H/N I20		
35	8.778	108.394	  546413	  546413	H/N G26		
36	7.967	118.585	 1265008	 1280555	H/N V12		
37	8.065	123.059	 1004963	 1004963	H/N A18		
38	8.576	120.453	 1055404	 1055404	H/N A30		
39	8.130	119.356	  906347	  907412	H/N D11		
40	7.861	116.542	 1142449	 1142449	H/N I19		
41	7.844	109.140	 2146673	 2146673	H/N K43		
