1	8.252	107.765	   33497	   33497	H/N G13		
2	8.436	117.589	   23605	   23607	H/N V38		
3	8.036	121.028	   90187	   90187	H/N K42		
4	8.772	106.339	   19418	   19418	H/N G25		
5	7.942	117.527	   68542	   76632	H/N V12		
6	8.245	116.604	   37489	   37496	H/N T36		
7	8.564	122.393	   24618	   24618	H/N V28		
8	8.157	116.208	   56034	   56034	H/N E10		
9	8.291	121.157	   26192	   28661	H/N L22		
10	7.975	118.115	  136420	  138009	H/N Q3		
11	7.843	118.737	   87270	   87270	H/N L5		
12	8.201	113.773	   42248	   42248	H/N T31		
13	9.061	103.765	   91584	   91584	H/N G1		
14	8.331	117.569	   41122	   41122	H/N L40		
15	8.675	106.465	   21988	   21988	H/N G17		
16	8.034	122.362	   34149	   34149	H/N A18		
17	8.220	117.213	   28801	   28811	H/N M23		
18	8.819	118.342	   90625	   90625	H/N S2		
19	8.499	121.975	   32530	   32530	H/N I33		
20	7.821	115.899	   28518	   28518	H/N I19		
21	8.299	120.285	   38300	   38343	H/N V32		
22	8.247	120.707	   21412	   47109	H/N N15		
23	8.626	120.570	   38763	   38763	H/N A30		
24	8.196	119.075	   25961	   25961	H/N I20		
25	8.689	117.816	   19662	   20539	H/N V24		
26	8.045	114.410	   35884	   35884	H/N S14		
27	8.513	118.685	   26250	   28024	H/N I29		
28	8.547	106.325	   18589	   18589	H/N G21		
29	7.857	127.234	   89738	   89738	H/N K43		
30	8.275	120.823	   38985	   41973	H/N V27		
31	8.469	116.986	   34768	   34769	H/N M39		
32	8.088	119.063	   66975	   66975	H/N D11		
33	8.763	108.118	   18283	   18283	H/N G26		
34	7.923	117.657	   46491	   58406	H/N K41		
35	7.900	119.083	   73192	   73192	H/N F7		
36	7.989	118.536	   53293	   57351	H/N F8		
37	7.793	117.190	   71910	   71910	H/N V6		
38	8.431	120.142	   27096	   27312	H/N K4		
39	8.505	120.824	   40408	   40408	H/N K16		
40	8.242	120.962	   73144	   80626	H/N A9		
41	8.397	120.150	   25688	   25916	H/N L37		
42	8.660	117.693	   35671	   36154	H/N I35		
43	8.525	119.051	   24858	   26732	H/N V34		
