1	8.252	107.725	   11795	   11795	H/N G13		
2	8.436	117.589	    7253	    7258	H/N V38		
3	8.036	121.028	   27971	   27971	H/N K42		
4	8.772	106.339	    6224	    6224	H/N G25		
5	7.942	117.527	   30472	   32339	H/N V12		
6	8.245	116.604	   12754	   12770	H/N T36		
7	8.564	122.393	    9088	    9088	H/N V28		
8	8.157	116.208	   19373	   19373	H/N E10		
9	8.291	121.157	    9236	   10839	H/N L22		
10	7.975	118.115	   41061	   42018	H/N Q3		
11	7.843	118.737	   25846	   25846	H/N L5		
12	8.201	113.773	   13320	   13320	H/N T31		
13	9.056	103.747	   27838	   27838	H/N G1		
14	8.331	117.569	   13000	   13000	H/N L40		
15	8.675	106.465	    8652	    8652	H/N G17		
16	8.034	122.362	   11927	   11927	H/N A18		
17	8.220	117.213	   10766	   10785	H/N M23		
18	8.819	118.342	   27561	   27561	H/N S2		
19	8.499	121.975	   11827	   11828	H/N I33		
20	7.815	115.910	   10300	   10300	H/N I19		
21	8.299	120.285	   14532	   14600	H/N V32		
22	8.247	120.707	    5326	   16857	H/N N15		
23	8.626	120.570	   11542	   11542	H/N A30		
24	8.196	119.075	   10131	   10131	H/N I20		
25	8.689	117.816	    7998	    9011	H/N V24		
26	8.045	114.410	   12218	   12218	H/N S14		
27	8.513	118.685	    9276	   10177	H/N I29		
28	8.547	106.325	    6634	    6634	H/N G21		
29	7.857	127.234	   29536	   29536	H/N K43		
30	8.275	120.823	   13660	   16037	H/N V27		
31	8.469	116.986	   12770	   12773	H/N M39		
32	8.088	119.063	   23139	   23139	H/N D11		
33	8.763	108.118	    5769	    5769	H/N G26		
34	7.923	117.657	    6632	   15111	H/N K41		
35	7.900	119.083	   22209	   22210	H/N F7		
36	7.989	118.536	   15393	   17901	H/N F8		
37	7.799	117.238	   21721	   21721	H/N V6		
38	8.431	120.142	    8512	    8765	H/N K4		
39	8.505	120.824	   13524	   13524	H/N K16		
40	8.242	120.962	   25227	   27853	H/N A9		
41	8.397	120.150	    7758	    8037	H/N L37		
42	8.660	117.693	   14737	   15286	H/N I35		
43	8.525	119.051	    7366	    8501	H/N V34		
