1	8.260	107.617	   15364	   15364	H/N G13		
2	8.436	117.589	   11862	   11879	H/N V38		
3	8.036	121.028	   34399	   34399	H/N K42		
4	8.774	106.234	   10471	   10471	H/N G25		
5	7.957	117.622	   28637	   36067	H/N V12		
6	8.245	116.604	   18933	   18957	H/N T36		
7	8.564	122.393	   11599	   11601	H/N V28		
8	8.157	116.208	   25318	   25318	H/N E10		
9	8.291	121.157	   12516	   14489	H/N L22		
10	7.975	118.115	   60226	   61958	H/N Q3		
11	7.843	118.737	   36391	   36424	H/N L5		
12	8.205	113.739	   16702	   16702	H/N T31		
13	9.061	103.765	   33781	   33781	H/N G1		
14	8.331	117.569	   18595	   18595	H/N L40		
15	8.691	106.446	   11386	   11386	H/N G17		
16	8.034	122.362	   16010	   16010	H/N A18		
17	8.220	117.213	   13520	   13553	H/N M23		
18	8.819	118.342	   36991	   36991	H/N S2		
19	8.499	121.975	   17123	   17124	H/N I33		
20	7.821	115.899	   13880	   13880	H/N I19		
21	8.299	120.285	   19828	   19908	H/N V32		
22	8.247	120.707	    5236	   18029	H/N N15		
23	8.626	120.570	   14160	   14160	H/N A30		
24	8.196	119.075	   13709	   13709	H/N I20		
25	8.689	117.816	   11801	   15622	H/N V24		
26	8.045	114.410	   14829	   14829	H/N S14		
27	8.513	118.685	   13239	   14490	H/N I29		
28	8.547	106.325	    8865	    8865	H/N G21		
29	7.857	127.234	   42543	   42543	H/N K43		
30	8.275	120.823	   11918	   18682	H/N V27		
31	8.469	116.986	   17459	   17470	H/N M39		
32	8.088	119.063	   31692	   31692	H/N D11		
33	8.763	108.118	    7211	    7211	H/N G26		
34	7.930	117.657	   19944	   29203	H/N K41		
35	7.900	119.083	   28084	   28126	H/N F7		
36	7.989	118.536	   21005	   24393	H/N F8		
37	7.793	117.190	   28234	   28234	H/N V6		
38	8.431	120.142	   11077	   12628	H/N K4		
39	8.508	120.897	   17952	   17952	H/N K16		
40	8.242	120.962	   26239	   30051	H/N A9		
41	8.397	120.150	    9240	   11099	H/N L37		
42	8.660	117.693	   17428	   20016	H/N I35		
43	8.525	119.051	   10943	   12456	H/N V34		
