1	8.250	107.517	   77122	   77122	H/N G13		
2	8.431	117.533	   57680	   57682	H/N V38		
3	8.032	121.028	  191393	  191393	H/N K42		
4	8.784	106.227	   60889	   60889	H/N G25		
5	7.952	117.475	  177907	  178252	H/N V12		
6	8.245	116.604	   94739	   94740	H/N T36		
7	8.576	122.398	   73170	   73170	H/N V28		
8	8.157	116.208	  159314	  159314	H/N E10		
9	8.319	121.020	   93984	   94129	H/N L22		
10	7.975	118.115	  349483	  350128	H/N Q3		
11	7.843	118.634	  213633	  213633	H/N L5		
12	8.215	113.804	  106514	  106514	H/N T31		
13	9.077	103.743	  232777	  232777	H/N G1		
14	8.313	117.466	  116644	  116644	H/N L40		
15	8.701	106.511	   73095	   73095	H/N G17		
16	8.081	122.524	   97408	   97408	H/N A18		
17	8.240	117.256	   95094	   95096	H/N M23		
18	8.832	118.264	  212611	  212611	H/N S2		
19	8.502	121.935	   94085	   94085	H/N I33		
20	7.825	115.937	   76271	   76271	H/N I19		
21	8.306	120.239	  111804	  111805	H/N V32		
22	8.247	120.707	   59664	   93383	H/N N15		
23	8.634	120.541	   92114	   92114	H/N A30		
24	8.244	119.071	  111609	  111609	H/N I20		
25	8.698	117.828	   78481	   79407	H/N V24		
26	8.044	114.316	  102032	  102032	H/N S14		
27	8.519	118.642	   82452	   85432	H/N I29		
28	8.569	106.401	   61263	   61263	H/N G21		
29	7.857	127.234	  265069	  265069	H/N K43		
30	8.275	120.823	  124090	  131907	H/N V27		
31	8.454	116.937	   91584	   91585	H/N M39		
32	8.089	119.004	  179316	  179316	H/N D11		
33	8.785	108.157	   45271	   45271	H/N G26		
34	7.909	117.634	  158555	  158941	H/N K41		
35	7.905	119.020	  174377	  174377	H/N F7		
36	7.995	118.516	  143464	  145034	H/N F8		
37	7.793	117.190	  158724	  158724	H/N V6		
38	8.417	120.096	   62462	   67017	H/N K4		
39	8.533	120.944	   77065	   77065	H/N K16		
40	8.242	120.962	  149310	  162339	H/N A9		
41	8.389	120.087	   46429	   52558	H/N L37		
42	8.660	117.693	  107158	  107836	H/N I35		
43	8.519	118.987	   67816	   71438	H/N V34		
