G13-H/N 33497 11795 15364 77122
V38-H/N 23607 7258 11879 57682
K42-H/N 90187 27971 34399 191393
G25-H/N 19418 6224 10471 60889
V12-H/N 76632 32339 36067 178252
T36-H/N 37496 12770 18957 94740
V28-H/N 24618 9088 11601 73170
E10-H/N 56034 19373 25318 159314
L22-H/N 28661 10839 14489 94129
Q3-H/N 138009 42018 61958 350128
L5-H/N 87270 25846 36424 213633
T31-H/N 42248 13320 16702 106514
G1-H/N 91584 27838 33781 232777
L40-H/N 41122 13000 18595 116644
G17-H/N 21988 8652 11386 73095
A18-H/N 34149 11927 16010 97408
M23-H/N 28811 10785 13553 95096
S2-H/N 90625 27561 36991 212611
I33-H/N 32530 11828 17124 94085
I19-H/N 28518 10300 13880 76271
V32-H/N 38343 14600 19908 111805
N15-H/N 47109 16857 18029 93383
A30-H/N 38763 11542 14160 92114
I20-H/N 25961 10131 13709 111609
V24-H/N 20539 9011 15622 79407
S14-H/N 35884 12218 14829 102032
I29-H/N 28024 10177 14490 85432
G21-H/N 18589 6634 8865 61263
K43-H/N 89738 29536 42543 265069
V27-H/N 41973 16037 18682 131907
M39-H/N 34769 12773 17470 91585
D11-H/N 66975 23139 31692 179316
G26-H/N 18283 5769 7211 45271
K41-H/N 58406 15111 29203 158941
F7-H/N 73192 22210 28126 174377
F8-H/N 57351 17901 24393 145034
V6-H/N 71910 21721 28234 158724
K4-H/N 27312 8765 12628 67017
K16-H/N 40408 13524 17952 77065
A9-H/N 80626 27853 30051 162339
L37-H/N 25916 8037 11099 52558
I35-H/N 36154 15286 20016 107836
V34-H/N 26732 8501 12456 71438
