1	7.902	120.026	  937038	  873077	H/N L40		
2	8.397	121.581	 1054484	 1054484	H/N I33		
3	8.745	117.972	  919250	  919250	H/N V24		
4	8.182	117.209	  811976	  891978	H/N E10		
5	8.343	120.294	   -6138	   -6138	H/N N15		
6	8.283	120.900	  506927	  506927	H/N V27		
7	8.550	122.320	 1023329	 1023329	H/N V28		
8	7.665	118.584	 1310691	 1310691	H/N K41		
9	8.675	106.897	  547705	  547705	H/N G17		
10	7.916	118.486	  257867	  257870	H/N F8		
11	8.297	108.428	  432394	  432394	H/N G13		
12	8.367	118.766	 1021195	 1021195	H/N V34		
13	8.193	119.426	  904547	  908199	H/N M2		
14	8.204	117.033	 1383011	 1383684	H/N Q3		
15	8.467	117.237	 1164420	 1164420	H/N I35		
16	8.028	114.795	  846586	  846586	H/N S14		
17	8.791	106.381	  537719	  537719	H/N G25		
18	8.475	118.563	  980994	  980994	H/N I29		
19	8.581	106.978	  283752	  283753	H/N G21		
20	7.758	117.889	  338410	  338410	H/N V6		
21	8.394	121.187	 1079529	 1079801	H/N K16		
22	7.985	118.815	 1960416	 1963238	H/N M39		
23	8.150	113.752	 1009331	 1009331	H/N T31		
24	8.217	119.926	 1167653	 1167653	H/N V32		
25	8.215	117.193	  384307	  554561	H/N K4		
26	8.686	119.408	 1790686	 1790686	H/N V38		
27	8.083	115.970	 1121243	 1121243	H/N T36		
28	7.906	120.057	  -83350	  635708	H/N F7		
29	7.963	122.022	 1727064	 1727064	H/N K42		
30	8.154	122.071	  381422	  381422	H/N A9		
31	8.347	121.311	  281673	  282716	H/N L22		
32	8.018	117.833	  970058	  970058	H/N L5		
33	8.265	117.511	  531200	  531200	H/N M23		
34	8.283	119.664	  452449	  452449	H/N I20		
35	8.786	108.409	  441159	  441159	H/N G26		
36	7.977	118.661	 1229588	 1234089	H/N V12		
37	8.060	123.074	  443780	  443780	H/N A18		
38	8.576	120.453	  828942	  828942	H/N A30		
39	8.135	119.363	 1050242	 1053388	H/N D11		
40	7.861	116.542	  808819	  808819	H/N I19		
41	7.842	109.162	 2617128	 2617128	H/N K43		
