1	8.291	121.070	  826096	  826102	H/N L22		
2	7.990	118.130	 1345905	 1345905	H/N Q3		
3	8.248	116.555	  755410	  755410	H/N T36		
4	8.162	113.185	  695638	  695638	H/N T31		
5	7.870	119.006	 1195266	 1197869	H/N L5		
6	7.829	117.405	 1254685	 1254685	H/N V6		
7	8.670	106.253	  627295	  627295	H/N G17		
8	7.857	127.234			H/N K43		
9	8.404	120.816	  499553	  499556	H/N L37		
10	8.525	119.051	  797666	  797666	H/N V34		
11	8.702	107.919	  418128	  418128	H/N G26		
12	7.981	117.714	  980096	  993666	H/N K41		
13	8.394	117.586	  848832	  848832	H/N V38		
14	7.745	115.616	 1020433	 1020433	H/N I19		
15	8.226	120.757	  755724	  783213	H/N N15		
16	8.620	120.403	  804708	  804708	H/N A30		
17	8.219	117.286	  829692	  829939	H/N M23		
18	8.075	114.544	  845407	  845407	H/N S14		
19	8.155	118.904	  652325	  652325	H/N I20		
20	8.256	120.816	  950574	  972433	H/N V27		
21	7.911	119.010	  893735	  897217	H/N F7		
22	8.477	106.025	  731770	  731770	H/N G21		
23	8.010	117.608	  971000	  984697	H/N V12		
24	8.267	117.272	  753299	  753571	H/N L40		
25	9.061	103.765			H/N G1		
26	8.578	122.650	  794089	  794089	H/N V28		
27	8.077	120.859	 1262332	 1262332	H/N K42		
28	8.462	120.321	  670662	  670662	H/N K4		
29	8.461	120.720	  684911	  684913	H/N K16		
30	8.095	119.072	  722041	  722041	H/N D11		
31	8.188	122.231	  558597	  558597	H/N A9		
32	8.664	117.665	  748823	  830644	H/N I35		
33	7.984	118.520	  741053	  741053	H/N F8		
34	8.257	107.669	  635937	  635937	H/N G13		
35	8.666	117.803	  818321	  893193	H/N V24		
36	8.750	106.076	  663310	  663310	H/N G25		
37	7.959	122.064	  621247	  621247	H/N A18		
38	8.524	118.675	 1013054	 1013054	H/N I29		
39	8.804	118.349	 1498814	 1498814	H/N S2		
40	8.306	120.334	  895268	  895268	H/N V32		
41	8.497	121.998	  786382	  786382	H/N I33		
42	8.514	117.022	  804056	  804056	H/N M39		
43	8.175	116.079	  758968	  758968	H/N E10		
