1	8.281	121.113	  592670	  592687	H/N L22		
2	7.990	118.145	 2051354	 2051385	H/N Q3		
3	8.245	116.541	 1238416	 1238416	H/N T36		
4	8.157	113.145	  593788	  593788	H/N T31		
5	7.869	119.050	 1124130	 1145391	H/N L5		
6	7.819	117.386	  164067	  164067	H/N V6		
7	8.671	106.218	  749693	  749743	H/N G17		
8	7.857	127.234			H/N K43		
9	8.388	120.748	  870485	  878033	H/N L37		
10	8.517	119.051	  939283	  939284	H/N V34		
11	8.694	107.940	  190752	  190752	H/N G26		
12	7.988	117.829	 1301604	 1305766	H/N K41		
13	8.392	117.579	 1449490	 1449490	H/N V38		
14	7.729	115.616	 1175229	 1175229	H/N I19		
15	8.226	120.757	  239140	  456413	H/N N15		
16	8.610	120.385	  494762	  494762	H/N A30		
17	8.208	117.288	  668256	  670504	H/N M23		
18	8.098	114.717	 1243323	 1243323	H/N S14		
19	8.128	118.869	  892777	  893049	H/N I20		
20	8.246	120.827	  678985	  755524	H/N V27		
21	7.906	119.044	  176513	  311915	H/N F7		
22	8.465	105.997	  612995	  612995	H/N G21		
23	8.010	117.608	 1580678	 1584065	H/N V12		
24	8.269	117.335	  886784	  888478	H/N L40		
25	9.061	103.765			H/N G1		
26	8.573	122.671	  921695	  921695	H/N V28		
27	8.075	120.841	 1981590	 1981590	H/N K42		
28	8.460	120.343	 1097412	 1097414	H/N K4		
29	8.443	120.691	 1136590	 1142373	H/N K16		
30	8.092	119.115	 1269244	 1269435	H/N D11		
31	8.178	122.322	  217257	  217257	H/N A9		
32	8.661	117.644	 1104943	 1139589	H/N I35		
33	8.005	118.729	  334324	  334324	H/N F8		
34	8.266	107.670	  630886	  630886	H/N G13		
35	8.664	117.821	  989804	 1028480	H/N V24		
36	8.743	106.096	  723966	  724017	H/N G25		
37	7.943	122.045	  589154	  589154	H/N A18		
38	8.518	118.669	  980638	  980638	H/N I29		
39	8.792	118.376	 2198834	 2198834	H/N S2		
40	8.302	120.361	 1281190	 1281190	H/N V32		
41	8.493	122.013	 1104698	 1104698	H/N I33		
42	8.511	117.018	 1392486	 1392486	H/N M39		
43	8.172	116.195	 1053211	 1053211	H/N E10		
